gnofract4d parameter file
version=2.0
x=0.00000000000000000
y=0.00000000000000000
z=0.00000000000000000
w=0.00000000000000000
size=4.00000000000000000
xy=0.00000000000000000
xz=0.00000000000000000
xw=0.00000000000000000
yz=0.00000000000000000
yw=0.00000000000000000
zw=0.00000000000000000
maxiter=256
yflip=0
[function]
formulafile=gf4d.frm
function=Mandelbrot
@bailfunc=cmag
@bailout=4.00000000000000000
