gnofract4d parameter file
version=1.6
bailout=4
x=-2.2273863771827975278
y=-0.009342833879862467647
z=0
w=0
size=2.315885667659857564e-11
xy=5.6724600000000000577
xz=0
xw=0
yz=0
yw=0
zw=0
maxiter=64
antialias=1
bailfunc=0
inner=2
outer=1
[function]
function=Buffalo
[endsection]
[colors]
colorizer=1
file=/usr/share/maps/gnofract4d/stripe.map
[endsection]
