gnofract4d parameter file
version=1.7
bailout=4
x=0.2488828125
y=-1.3533515625
z=0
w=0
size=0.3365625
xy=0
xz=0
xw=0
yz=0
yw=0
zw=0
maxiter=256
antialias=1
bailfunc=0
inner=2
outer=1
[function]
function=Cubic Mandelbrot
a=(0.34,-0.28)
[endsection]
[colorizer]=0
colorizer=1
colordata=00000044286c441c704c4c7850788058a8885cd48c58cc8858c48858bc8854b48854ac8854a88850a0885098885090845088844c80844c7c844c7484486c84486484485c8448548044508044488044408040388040308040288040248044287c482c7c4c307c4c347c50387c543c7c54407c58447c5c487c60487c604c7c64507c68547c68587c6c5c7c70607c70647c74687c78687c7c6c7c7c707c80747c84787c847c788880788c84788c8878908c78948c789890789894789c9878a09c78a0a078a4a478a8a878a8ac78acac78b0b078b4b478b4b878b8bc78bcc078bcc478c0c878c4cc78c4cc78c0c06cc0b464bcac58bca050b89444b88c3cb48030b47428b06c1cb06014b0580cac5414a85018a4501ca04c249c4c289c482c98483494443890443c8c4044884048883c4c843c548038587c385c78346474346874306c7030706c2c78682c7c64288060288860248c5c249058209854209c501ca04c1ca84c18ac4818b04414b84014bc3c10c03c10c44014bc4018b4401cac4420a444249c442894442c8c48308448347c483874483c6c4c40644c445c4c48544c4c4c50504450543c505834505c2c54602454641c546814546c105068184c6420486028485c3044583840543c3c50443c4c4c38485434445c304060303c682c3870283478243080242c8434387c4044744c4c6c585868646060746c588078548c804c988c44a494409c8c4894884c908050887c5484785c7c7060746c64706468686070645c745c547854507c50488448448844408c3c3890343498302c9c2828a02424a41c1cac1418b01010b4080cb80408bc0810b80c14b81018b8141cb81820b41c24b42028b4242cb42830b02c34b0303cb03440b03844ac3c48ac3c4cac4050ac4454ac4858a84c5ca85060a85468a8586ca45c70a46074a46478a4687ca06c80a07084a07488a0748ca07080a86c74ac6868b4645cb86050c05c44c45838cc582cd05428cc5024cc4c24c84c20c8481cc4441cc44018c04018c058e81c58d82454c82854b83050a83850983c5088444c784c4c6850485858484860443864
[endsection]
[colorizer]=1
colorizer=0
red=0.377255787461439
green=1
blue=0.5543108971162746
[endsection]
