gnofract4d parameter file
version=1.6
bailout=4
x=0.2249999999999999778
y=-0.52295265628809195491
z=0.79991677856445309036
w=0.61227677479479047928
size=0.011365234375000001638
xy=0
xz=0
xw=0
yz=0
yw=-0.044146326794896495471
zw=0
maxiter=8192
antialias=1
bailfunc=0
inner=2
outer=1
[function]
function=Lambda
[endsection]
[colors]
colorizer=1
file=/usr/share/maps/gnofract4d/topo.map
[endsection]
