gnofract4d parameter file
version=1.5
bailout=4
x=-0.777713402118870967
y=0.0384785372764753567
z=0.0728430073297799824
w=0.45014137425847206
size=0.807941089454313199
xy=1.57079999999999997
xz=5.03413999999999984
xw=5.21949000000000041
yz=-0.186380859472050603
yw=2.73175632679489677
zw=-0.820018338377002443
maxiter=512
antialias=1
bailfunc=0
[function]
function=Mandelbrot
[endsection]
[colors]
colorizer=1
file=/usr/share/maps/gnofract4d/volcano.map
[endsection]
